highlight_colors <- list(
  background = "#00000008",
  base =   "#231427",
  low =    "#6C0F49",
  medium = "#A5004A",
  high =   "#FF0000"
)
